-1;70;1000
38;40;200 38;40;200 38;40;200 38;40;200 38;40;200 38;40;200 38;40;200 38;40;200
40;40;200 40;40;200 40;40;200 40;40;200 40;40;200 40;40;200 40;40;200 40;40;200
42;40;200 42;40;200 42;40;200 42;40;200 42;40;200 42;40;200 42;40;200 42;40;200
42;40;200 42;40;200 42;40;200 42;40;200 42;40;200 42;40;200 42;40;200 42;40;200
38;30;200 38;50;200 38;40;200 38;40;200 38;40;200 38;40;200 38;40;200 38;40;200
40;50;200 40;50;200 40;50;200 40;50;200 40;40;200 40;40;200 40;40;200 40;40;200
42;50;200 42;50;200 42;50;200 42;50;200 42;50;200 42;50;200 42;50;200 42;50;200
42;50;200 42;50;200 42;50;200 42;50;200 42;1;200 42;1;200 42;1;200 42;1;200
38;40;200 38;40;200 38;40;200 38;40;200 38;40;200 38;40;200 38;40;200 38;40;200
40;40;200 40;40;200 40;40;200 40;40;200 40;40;200 40;40;200 40;40;200 40;40;200
42;40;200 42;40;200 42;40;200 42;40;200 42;40;200 42;40;200 42;40;200 42;40;200
42;40;200 42;40;200 42;40;200 42;40;200 42;40;200 42;40;200 42;40;200 42;40;200
38;30;200 38;50;200 38;40;200 38;40;200 38;40;200 38;40;200 38;40;200 38;40;200
40;50;200 40;50;200 40;50;200 40;50;200 40;40;200 40;40;200 40;40;200 40;40;200
42;50;200 42;50;200 42;50;200 42;50;200 42;50;200 42;50;200 42;50;200 42;50;200
42;50;200 42;50;200 42;50;200 42;50;200 42;50;200 42;50;200 42;50;200 42;50;200
38;40;200 38;40;200 38;40;200 38;40;200 38;40;200 38;40;200 38;40;200 38;40;200
40;40;200 40;40;200 40;40;200 40;40;200 40;40;200 40;40;200 40;40;200 40;40;200
42;40;200 42;40;200 42;40;200 42;40;200 42;40;200 42;40;200 42;40;200 42;40;200
42;40;200 42;40;200 42;40;200 42;40;200 42;40;200 42;40;200 42;40;200 42;40;200
38;30;200 38;50;200 38;40;200 38;40;200 38;40;200 38;40;200 38;40;200 38;40;200
40;50;200 40;50;200 40;50;200 40;50;200 40;40;200 40;40;200 40;40;200 40;40;200
42;50;200 42;50;200 42;50;200 42;50;200 42;50;200 42;50;200 42;50;200 42;50;200
42;50;200 42;50;200 42;50;200 42;50;200 42;1;200 42;1;200 42;1;200 42;1;200
38;40;200 38;40;200 38;40;200 38;40;200 38;40;200 38;40;200 38;40;200 38;40;200
40;40;200 40;40;200 40;40;200 40;40;200 40;40;200 40;40;200 40;40;200 40;40;200
42;40;200 42;40;200 42;40;200 42;40;200 42;40;200 42;40;200 42;40;200 42;40;200
42;40;200 42;40;200 42;40;200 42;40;200 42;40;200 42;40;200 42;40;200 42;40;200
38;30;200 38;50;200 38;40;200 38;40;200 38;40;200 38;40;200 38;40;200 38;40;200
40;50;200 40;50;200 40;50;200 40;50;200 40;40;200 40;40;200 40;40;200 40;40;200
42;50;200 42;50;200 42;50;200 42;50;200 42;50;200 42;50;200 42;50;200 42;50;200
42;50;200 42;50;200 42;50;200 42;50;200 42;1;200 42;1;200 42;1;200 42;1;200
38;40;200 38;40;200 38;40;200 38;40;200 38;40;200 38;40;200 38;40;200 38;40;200
40;40;200 40;40;200 40;40;200 40;40;200 40;40;200 40;40;200 40;40;200 40;40;200
42;40;200 42;40;200 42;40;200 42;40;200 42;40;200 42;40;200 42;40;200 42;40;200
42;40;200 42;40;200 42;40;200 42;40;200 42;40;200 42;40;200 42;40;200 42;40;200
38;30;200 38;50;200 38;40;200 38;40;200 38;40;200 38;40;200 38;40;200 38;40;200
40;50;200 40;50;200 40;50;200 40;50;200 40;40;200 40;40;200 40;40;200 40;40;200
42;50;200 42;50;200 42;50;200 42;50;200 42;50;200 42;50;200 42;50;200 42;50;200
42;50;200 42;50;200 42;50;200 42;50;200 42;50;200 42;50;200 42;50;200 42;50;200
38;40;200 38;40;200 38;40;200 38;40;200 38;40;200 38;40;200 38;40;200 38;40;200
40;40;200 40;40;200 40;40;200 40;40;200 40;40;200 40;40;200 40;40;200 40;40;200
42;40;200 42;40;200 42;40;200 42;40;200 42;40;200 42;40;200 42;40;200 42;40;200
42;40;200 42;40;200 42;40;200 42;40;200 42;40;200 42;40;200 42;40;200 42;40;200
38;30;200 38;50;200 38;40;200 38;40;200 38;40;200 38;40;200 38;40;200 38;40;200
40;50;200 40;50;200 40;50;200 40;50;200 40;40;200 40;40;200 40;40;200 40;40;200
42;50;200 42;50;200 42;50;200 42;50;200 42;50;200 42;50;200 42;50;200 42;50;200
42;50;200 42;50;200 42;50;200 42;50;200 42;1;200 42;1;200 42;1;200 42;1;200
