-1;70;1000
57;70;200 57;70;200 57;70;200 57;70;200 61;70;200 61;70;200 61;70;200 61;70;200
59;70;200 59;70;200 59;70;200 59;70;200 64;70;200 64;70;200 64;70;200 64;70;200
66;70;200 66;70;200 66;70;200 66;70;200 66;70;200 66;70;200 66;70;200 66;70;200
66;70;200 66;70;200 66;70;200 66;70;200 59;70;200 57;70;200 56;70;200 52;70;200
57;70;200 57;70;200 57;70;200 57;70;200 61;70;200 61;70;200 61;70;200 61;70;200
59;70;200 59;70;200 59;70;200 59;70;200 64;70;200 64;70;200 64;70;200 64;70;200
66;70;200 66;70;200 66;70;200 66;70;200 66;70;200 66;70;200 66;70;200 66;70;200
66;70;200 66;70;200 66;70;200 66;70;200 59;70;200 57;70;200 56;70;200 52;70;200
54;70;400 54;70;200 61;70;200 59;70;400 57;70;400 56;70;400
56;70;200 56;70;200 59;70;200 59;70;200 57;70;200 56;70;200
54;70;400 54;70;200 57;70;200 56;70;200 57;70;200 56;70;200 57;70;200
54;70;400 54;70;200 57;70;200 56;70;200 57;70;200 56;70;200 57;70;200
54;70;400 54;70;200 61;70;200 59;70;400 57;70;400 56;70;400
56;70;200 56;70;200 59;70;200 59;70;200 57;70;200 56;70;200
54;70;400 54;70;200 57;70;200 56;70;200 57;70;200 56;70;200 57;70;200
54;70;400 54;70;200 57;70;200 56;70;200 57;70;200 56;70;200 57;70;200
57;70;200 57;70;200 57;70;200 57;70;200 61;70;200 61;70;200 61;70;200 61;70;200
59;70;200 59;70;200 59;70;200 59;70;200 64;70;200 64;70;200 64;70;200 64;70;200
66;70;200 66;70;200 66;70;200 66;70;200 66;70;200 66;70;200 66;70;200 66;70;200
66;70;200 66;70;200 66;70;200 66;70;200 59;70;200 57;70;200 56;70;200 52;70;200
57;70;200 57;70;200 57;70;200 57;70;200 61;70;200 61;70;200 61;70;200 61;70;200
59;70;200 59;70;200 59;70;200 59;70;200 64;70;200 64;70;200 64;70;200 64;70;200
66;70;200 66;70;200 66;70;200 66;70;200 66;70;200 66;70;200 66;70;200 66;70;200
66;70;200 66;70;200 66;70;200 66;70;200 59;70;200 57;70;200 56;70;200 52;70;200
57;70;200 57;70;200 57;70;200 57;70;200 61;70;200 61;70;200 61;70;200 61;70;200
59;70;200 59;70;200 59;70;200 59;70;200 64;70;200 64;70;200 64;70;200 64;70;200
66;70;200 66;70;200 66;70;200 66;70;200 66;70;200 66;70;200 66;70;200 66;70;200
66;70;200 66;70;200 66;70;200 66;70;200 59;70;200 57;70;200 56;70;200 52;70;200
57;70;200 57;70;200 57;70;200 57;70;200 61;70;200 61;70;200 61;70;200 61;70;200
59;70;200 59;70;200 59;70;200 59;70;200 64;70;200 64;70;200 64;70;200 64;70;200
66;70;200 66;70;200 66;70;200 66;70;200 66;70;200 66;70;200 66;70;200 66;70;200
66;70;200 66;70;200 66;70;200 66;70;200 59;70;200 57;70;200 56;70;200 52;70;200
54;70;400 54;70;200 61;70;200 59;70;400 57;70;400 56;70;400
56;70;200 56;70;200 59;70;200 59;70;200 57;70;200 56;70;200
54;70;400 54;70;200 57;70;200 56;70;200 57;70;200 56;70;200 57;70;200
54;70;400 54;70;200 57;70;200 56;70;200 57;70;200 56;70;200 57;70;200
54;70;400 54;70;200 61;70;200 59;70;400 57;70;400 56;70;400
56;70;200 56;70;200 59;70;200 59;70;200 57;70;200 56;70;200
54;70;400 54;70;200 57;70;200 56;70;200 57;70;200 56;70;200 57;70;200
54;70;400 54;70;200 57;70;200 56;70;200 57;70;200 56;70;200 57;70;200
57;70;200 57;70;200 57;70;200 57;70;200 61;70;200 61;70;200 61;70;200 61;70;200
59;70;200 59;70;200 59;70;200 59;70;200 64;70;200 64;70;200 64;70;200 64;70;200
66;70;200 66;70;200 66;70;200 66;70;200 66;70;200 66;70;200 66;70;200 66;70;200
66;70;200 66;70;200 66;70;200 66;70;200 59;70;200 57;70;200 56;70;200 52;70;200
57;70;200 57;70;200 57;70;200 57;70;200 61;70;200 61;70;200 61;70;200 61;70;200
59;70;200 59;70;200 59;70;200 59;70;200 64;70;200 64;70;200 64;70;200 64;70;200
66;70;200 66;70;200 66;70;200 66;70;200 66;70;200 66;70;200 66;70;200 66;70;200
66;70;200 66;70;200 66;70;200 66;70;200 59;70;200 57;70;200 56;70;200 52;70;200